0.000476 0.000225
0.000239 0.000152
0.000238 0.000153
0.000234 0.000153
0.000233 0.000154
0.000232 0.000154
0.000231 0.000155
0.000229 0.000155
0.000228 0.000156
0.000227 0.000156
0.000225 0.000158
0.000224 0.000158
0.000218 0.000164
0.000218 0.000165
0.000217 0.000166
0.000217 0.000167
0.000216 0.000168
0.000216 0.000169
0.000215 0.00017
0.000215 0.000171
0.000214 0.000172
0.000214 0.000175
0.000213 0.000176
0.000213 0.000188
0.000214 0.000189
0.000214 0.000191
0.000215 0.000192
0.000215 0.000194
0.000216 0.000195
0.000216 0.000196
0.000217 0.000197
0.000217 0.000198
0.00022 0.000201
0.00022 0.000202
0.000224 0.000206
0.000225 0.000206
0.000227 0.000208
0.000228 0.000208
0.00023 0.00021
0.00023 0.000211
0.000229 0.000212
0.000229 0.000224
0.000228 0.000225
0.000228 0.000236
0.000227 0.000237
0.000227 0.00025
0.000226 0.000251
0.000226 0.000263
0.000225 0.000264
0.000225 0.000276
0.000224 0.000277
0.000224 0.000288
0.000223 0.000289
0.000223 0.000301
0.000222 0.000302
0.000222 0.000312
0.000221 0.000313
0.000221 0.000327
0.00022 0.000328
0.00022 0.000339
0.000219 0.00034
0.000219 0.000352
0.000266 0.000352
0.000266 0.000345
0.000265 0.000344
0.000265 0.000334
0.000264 0.000333
0.000264 0.000322
0.000263 0.000321
0.000263 0.000312
0.000262 0.000311
0.000262 0.000301
0.000261 0.0003
0.000261 0.00029
0.00026 0.000289
0.00026 0.000277
0.000259 0.000276
0.000259 0.000268
0.000258 0.000267
0.000258 0.000257
0.000257 0.000256
0.000257 0.000245
0.000256 0.000244
0.000256 0.000234
0.000255 0.000233
0.000255 0.000224
0.000254 0.000223
0.000254 0.000213
0.000253 0.000212
0.000253 0.000211
0.000256 0.000208
0.000257 0.000208
0.000258 0.000207
0.000259 0.000207
0.000262 0.000204
0.000263 0.000204
0.000265 0.000202
0.000265 0.000201
0.000268 0.000198
0.000268 0.000197
0.000269 0.000196
0.000269 0.000194
0.00027 0.000193
0.00027 0.000192
0.000271 0.000191
0.000271 0.000188
0.000272 0.000187
0.000272 0.000177
0.000271 0.000176
0.000271 0.000173
0.00027 0.000172
0.00027 0.00017
0.000269 0.000169
0.000269 0.000168
0.000268 0.000167
0.000268 0.000166
0.000266 0.000164
0.000266 0.000163
0.000265 0.000162
0.000266 0.000161
0.000265 0.000162
0.000262 0.000159
0.000261 0.000159
0.000258 0.000156
0.000256 0.000156
0.000255 0.000155
0.000254 0.000155
0.000253 0.000154
0.000251 0.000154
0.00025 0.000153
0.000247 0.000153
0.000246 0.000152
0.000372 7.8e-05
0.000371 7.9e-05
0.000367 7.9e-05
0.000366 8e-05
0.000363 8e-05
0.000362 8.1e-05
0.000359 8.1e-05
0.000358 8.2e-05
0.000357 8.2e-05
0.000356 8.3e-05
0.000354 8.3e-05
0.000353 8.4e-05
0.000352 8.4e-05
0.000351 8.5e-05
0.00035 8.5e-05
0.000349 8.6e-05
0.000348 8.6e-05
0.000346 8.8e-05
0.000345 8.8e-05
0.000343 9e-05
0.000342 9e-05
0.00033 0.000102
0.00033 0.000103
0.000328 0.000105
0.000328 0.000106
0.000326 0.000108
0.000326 0.000109
0.000325 0.00011
0.000325 0.000111
0.000324 0.000112
0.000324 0.000113
0.000323 0.000114
0.000323 0.000115
0.000322 0.000116
0.000322 0.000118
0.000321 0.000119
0.000321 0.000121
0.00032 0.000122
0.00032 0.000125
0.000319 0.000126
0.000319 0.000129
0.000318 0.00013
0.000318 0.000151
0.000319 0.000152
0.000319 0.000155
0.00032 0.000156
0.00032 0.000159
0.000321 0.00016
0.000321 0.000162
0.000322 0.000163
0.000322 0.000165
0.000324 0.000167
0.000324 0.000169
0.000325 0.00017
0.000325 0.000171
0.000326 0.000172
0.000326 0.000173
0.000328 0.000175
0.000328 0.000176
0.000331 0.000179
0.000331 0.00018
0.000341 0.00019
0.000342 0.00019
0.000344 0.000192
0.000345 0.000192
0.000347 0.000194
0.000348 0.000194
0.000349 0.000195
0.00035 0.000195
0.000351 0.000196
0.000352 0.000196
0.000353 0.000197
0.000354 0.000197
0.000355 0.000198
0.000356 0.000198
0.000357 0.000199
0.000359 0.000199
0.00036 0.0002
0.000362 0.0002
0.000363 0.000201
0.000367 0.000201
0.000368 0.000202
0.000374 0.000202
0.000375 0.000203
0.000386 0.000203
0.000387 0.000202
0.000392 0.000202
0.000393 0.000201
0.000396 0.000201
0.000397 0.0002
0.0004 0.0002
0.000401 0.000199
0.000402 0.000199
0.000403 0.000198
0.000405 0.000198
0.000406 0.000197
0.000407 0.000197
0.000408 0.000196
0.000409 0.000196
0.00041 0.000195
0.000411 0.000195
0.000412 0.000194
0.000413 0.000194
0.000415 0.000192
0.000416 0.000192
0.000418 0.00019
0.000419 0.00019
0.000426 0.000183
0.000427 0.000184
0.000426 0.000183
0.000428 0.000181
0.000428 0.00018
0.000429 0.000179
0.000429 0.000177
0.000426 0.000174
0.000425 0.000174
0.000422 0.000171
0.000421 0.000171
0.00042 0.00017
0.000418 0.00017
0.000408 0.00018
0.000407 0.00018
0.000405 0.000182
0.000404 0.000182
0.000403 0.000183
0.000402 0.000183
0.0004 0.000185
0.000398 0.000185
0.000397 0.000186
0.000396 0.000186
0.000395 0.000187
0.000392 0.000187
0.000391 0.000188
0.000388 0.000188
0.000387 0.000189
0.000374 0.000189
0.000373 0.000188
0.000368 0.000188
0.000367 0.000187
0.000365 0.000187
0.000364 0.000186
0.000363 0.000186
0.000362 0.000185
0.000361 0.000185
0.00036 0.000184
0.000358 0.000184
0.000356 0.000182
0.000355 0.000182
0.000353 0.00018
0.000352 0.00018
0.000346 0.000174
0.000345 0.000174
0.000343 0.000172
0.000343 0.000171
0.00034 0.000168
0.00034 0.000167
0.000338 0.000165
0.000338 0.000164
0.000337 0.000163
0.000337 0.000162
0.000336 0.000161
0.000336 0.00016
0.000335 0.000159
0.000335 0.000158
0.000334 0.000157
0.000334 0.000155
0.000333 0.000154
0.000333 0.000151
0.000332 0.00015
0.000332 0.000131
0.000333 0.00013
0.000333 0.000127
0.000334 0.000126
0.000334 0.000124
0.000335 0.000123
0.000335 0.000121
0.000337 0.000119
0.000337 0.000118
0.000338 0.000117
0.000338 0.000116
0.000339 0.000115
0.000339 0.000114
0.000342 0.000111
0.000342 0.00011
0.00035 0.000102
0.000351 0.000102
0.000353 0.0001
0.000354 0.0001
0.000356 9.8e-05
0.000357 9.8e-05
0.000358 9.7e-05
0.000359 9.7e-05
0.00036 9.6e-05
0.000361 9.6e-05
0.000362 9.5e-05
0.000363 9.5e-05
0.000364 9.4e-05
0.000367 9.4e-05
0.000368 9.3e-05
0.000371 9.3e-05
0.000372 9.2e-05
0.000379 9.2e-05
0.000379 9.1e-05
0.00038 9e-05
0.00038 7.8e-05
0.000104 7.8e-05
0.000104 9.2e-05
0.000111 9.2e-05
0.000112 9.3e-05
0.000116 9.3e-05
0.000117 9.4e-05
0.000119 9.4e-05
0.00012 9.5e-05
0.000121 9.5e-05
0.000122 9.6e-05
0.000123 9.6e-05
0.000124 9.7e-05
0.000125 9.7e-05
0.000126 9.8e-05
0.000127 9.8e-05
0.000128 9.9e-05
0.000129 9.9e-05
0.000131 0.000101
0.000132 0.000101
0.000142 0.000111
0.000142 0.000112
0.000144 0.000114
0.000144 0.000115
0.000146 0.000117
0.000146 0.000118
0.000147 0.000119
0.000147 0.00012
0.000148 0.000121
0.000148 0.000122
0.000149 0.000123
0.000149 0.000125
0.00015 0.000126
0.00015 0.000128
0.000151 0.000129
0.000151 0.000133
0.000152 0.000134
0.000152 0.000146
0.000151 0.000147
0.000151 0.000152
0.00015 0.000153
0.00015 0.000155
0.000149 0.000156
0.000149 0.000157
0.000148 0.000158
0.000148 0.00016
0.000147 0.000161
0.000147 0.000162
0.000145 0.000164
0.000145 0.000165
0.000144 0.000166
0.000144 0.000167
0.000141 0.00017
0.000141 0.000171
0.000133 0.000179
0.000132 0.000179
0.00013 0.000181
0.000129 0.000181
0.000127 0.000183
0.000126 0.000183
0.000125 0.000184
0.000124 0.000184
0.000123 0.000185
0.000121 0.000185
0.00012 0.000186
0.000119 0.000186
0.000118 0.000187
0.000115 0.000187
0.000114 0.000188
0.000111 0.000188
0.00011 0.000189
9.7e-05 0.000189
9.6e-05 0.000188
9.2e-05 0.000188
9.1e-05 0.000187
8.9e-05 0.000187
8.8e-05 0.000186
8.6e-05 0.000186
8.5e-05 0.000185
8.4e-05 0.000185
8.3e-05 0.000184
8.2e-05 0.000184
8.1e-05 0.000183
8e-05 0.000183
7.8e-05 0.000181
7.7e-05 0.000181
7.5e-05 0.000179
7.4e-05 0.000179
6.5e-05 0.00017
6.3e-05 0.00017
6.1e-05 0.000172
6e-05 0.000172
5.7e-05 0.000175
5.6e-05 0.000175
5.4e-05 0.000177
5.4e-05 0.000179
5.8e-05 0.000183
5.8e-05 0.000184
6.1e-05 0.000187
6.2e-05 0.000187
6.6e-05 0.000191
6.7e-05 0.000191
6.9e-05 0.000193
7e-05 0.000193
7.2e-05 0.000195
7.3e-05 0.000195
7.4e-05 0.000196
7.5e-05 0.000196
7.6e-05 0.000197
7.7e-05 0.000197
7.8e-05 0.000198
8e-05 0.000198
8.1e-05 0.000199
8.3e-05 0.000199
8.4e-05 0.0002
8.6e-05 0.0002
8.7e-05 0.000201
9e-05 0.000201
9.1e-05 0.000202
9.7e-05 0.000202
9.8e-05 0.000203
0.000109 0.000203
0.00011 0.000202
0.000115 0.000202
0.000116 0.000201
0.00012 0.000201
0.000121 0.0002
0.000123 0.0002
0.000124 0.000199
0.000126 0.000199
0.000127 0.000198
0.000129 0.000198
0.000131 0.000196
0.000133 0.000196
0.000135 0.000194
0.000136 0.000194
0.000137 0.000193
0.000138 0.000193
0.000141 0.00019
0.000142 0.00019
0.000148 0.000184
0.000149 0.000184
0.000149 0.000183
0.000153 0.000179
0.000153 0.000178
0.000156 0.000175
0.000156 0.000174
0.000158 0.000172
0.000158 0.000171
0.000159 0.00017
0.000159 0.000169
0.00016 0.000168
0.00016 0.000166
0.000161 0.000165
0.000161 0.000164
0.000162 0.000163
0.000162 0.000161
0.000163 0.00016
0.000163 0.000158
0.000164 0.000157
0.000164 0.000153
0.000165 0.000152
0.000165 0.000148
0.000166 0.000147
0.000166 0.000136
0.000165 0.000135
0.000165 0.000128
0.000164 0.000127
0.000164 0.000124
0.000163 0.000123
0.000163 0.000121
0.000162 0.00012
0.000162 0.000118
0.000161 0.000117
0.000161 0.000115
0.000159 0.000113
0.000159 0.000111
0.000158 0.00011
0.000158 0.000109
0.000156 0.000107
0.000156 0.000106
0.000154 0.000104
0.000154 0.000103
0.000151 0.0001
0.000151 9.9e-05
0.000145 9.3e-05
0.000144 9.3e-05
0.00014 8.9e-05
0.000139 8.9e-05
0.000138 8.8e-05
0.000137 8.8e-05
0.000135 8.6e-05
0.000134 8.6e-05
0.000133 8.5e-05
0.000132 8.5e-05
0.000131 8.4e-05
0.00013 8.4e-05
0.000129 8.3e-05
0.000127 8.3e-05
0.000126 8.2e-05
0.000124 8.2e-05
0.000123 8.1e-05
0.000122 8.1e-05
0.000121 8e-05
0.000118 8e-05
0.000117 7.9e-05
0.000112 7.9e-05
0.000111 7.8e-05
0.000194 8e-06
0.000193 9e-06
0.00019 9e-06
0.000189 1e-05
0.000186 1e-05
0.000185 1.1e-05
0.000182 1.1e-05
0.000181 1.2e-05
0.000179 1.2e-05
0.000178 1.3e-05
0.000175 1.3e-05
0.000174 1.4e-05
0.000172 1.4e-05
0.000171 1.5e-05
0.000169 1.5e-05
0.000168 1.6e-05
0.000166 1.6e-05
0.000165 1.7e-05
0.000163 1.7e-05
0.000162 1.8e-05
0.000161 1.8e-05
0.00016 1.9e-05
0.000158 1.9e-05
0.000157 2e-05
0.000156 2e-05
0.000155 2.1e-05
0.000153 2.1e-05
0.000152 2.2e-05
0.000151 2.2e-05
0.00015 2.3e-05
0.000148 2.3e-05
0.000147 2.4e-05
0.000146 2.4e-05
0.000145 2.5e-05
0.000143 2.5e-05
0.000142 2.6e-05
0.000141 2.6e-05
0.00014 2.7e-05
0.000139 2.7e-05
0.000137 2.9e-05
0.000135 2.9e-05
0.000134 3e-05
0.000133 3e-05
0.000131 3.2e-05
0.00013 3.2e-05
0.000129 3.3e-05
0.000128 3.3e-05
0.000127 3.4e-05
0.000126 3.4e-05
0.000125 3.5e-05
0.000124 3.5e-05
0.000122 3.7e-05
0.000121 3.7e-05
0.000119 3.9e-05
0.000118 3.9e-05
0.000117 4e-05
0.000116 4e-05
0.000115 4.1e-05
0.000114 4.1e-05
0.000111 4.4e-05
0.00011 4.4e-05
0.000108 4.6e-05
0.000107 4.6e-05
0.000104 4.9e-05
0.000103 4.9e-05
0.000101 5.1e-05
0.0001 5.1e-05
9.6e-05 5.5e-05
9.5e-05 5.5e-05
9e-05 6e-05
8.9e-05 6e-05
8.3e-05 6.6e-05
8.2e-05 6.6e-05
6.9e-05 7.9e-05
6.9e-05 8e-05
6.3e-05 8.6e-05
6.3e-05 8.7e-05
6.1e-05 8.9e-05
6.1e-05 9.2e-05
6e-05 9.3e-05
6.1e-05 9.4e-05
6.1e-05 9.8e-05
6.2e-05 9.9e-05
6.2e-05 0.000102
6.3e-05 0.000103
6.3e-05 0.000105
6.4e-05 0.000106
6.4e-05 0.000108
6.5e-05 0.000109
6.5e-05 0.00011
6.6e-05 0.000111
6.6e-05 0.000112
6.7e-05 0.000113
6.7e-05 0.000114
6.8e-05 0.000115
6.8e-05 0.000116
7e-05 0.000118
7e-05 0.000119
7.8e-05 0.000127
7.9e-05 0.000127
8.1e-05 0.000129
8.2e-05 0.000129
8.4e-05 0.000131
8.5e-05 0.000131
8.6e-05 0.000132
8.7e-05 0.000132
8.8e-05 0.000133
9e-05 0.000133
9.1e-05 0.000134
9.2e-05 0.000134
9.3e-05 0.000135
9.5e-05 0.000135
9.6e-05 0.000136
0.0001 0.000136
0.000101 0.000137
0.000102 0.000137
0.000104 0.000139
0.000104 0.000141
0.000103 0.000142
0.000103 0.000149
0.000101 0.000151
0.0001 0.00015
9.5e-05 0.00015
9.4e-05 0.000149
9.2e-05 0.000149
9.1e-05 0.000148
8.8e-05 0.000148
8.7e-05 0.000147
8.6e-05 0.000147
8.5e-05 0.000146
8.4e-05 0.000146
8.3e-05 0.000145
8.1e-05 0.000145
7.9e-05 0.000143
7.8e-05 0.000143
7.7e-05 0.000142
7.6e-05 0.000142
7.3e-05 0.000139
7.2e-05 0.000139
6.7e-05 0.000134
6.6e-05 0.000134
6.3e-05 0.000131
6.3e-05 0.00013
5.9e-05 0.000126
5.9e-05 0.000125
5.6e-05 0.000122
5.6e-05 0.000121
5.5e-05 0.00012
5.5e-05 0.000119
5.4e-05 0.000118
5.4e-05 0.000117
5.3e-05 0.000116
5.3e-05 0.000115
5.2e-05 0.000114
5.2e-05 0.000113
5.1e-05 0.000112
5.1e-05 0.000111
5e-05 0.00011
5e-05 0.000108
4.9e-05 0.000107
4.7e-05 0.000107
4.7e-05 0.000108
4.5e-05 0.00011
4.5e-05 0.000111
4.3e-05 0.000113
4.3e-05 0.000114
4.1e-05 0.000116
4.1e-05 0.000117
4e-05 0.000118
4e-05 0.000119
3.9e-05 0.00012
3.9e-05 0.000121
3.7e-05 0.000123
3.7e-05 0.000124
3.6e-05 0.000125
3.6e-05 0.000126
3.4e-05 0.000128
3.4e-05 0.00013
3.2e-05 0.000132
3.2e-05 0.000134
3e-05 0.000136
3e-05 0.000137
2.9e-05 0.000138
2.9e-05 0.000139
2.8e-05 0.00014
2.8e-05 0.000142
2.7e-05 0.000143
2.7e-05 0.000144
2.6e-05 0.000145
2.6e-05 0.000147
2.4e-05 0.000149
2.4e-05 0.000151
2.3e-05 0.000152
2.3e-05 0.000154
2.2e-05 0.000155
2.2e-05 0.000156
2.1e-05 0.000157
2.1e-05 0.000159
2e-05 0.00016
2e-05 0.000162
1.9e-05 0.000163
1.9e-05 0.000164
1.8e-05 0.000165
1.8e-05 0.000168
1.7e-05 0.000169
1.7e-05 0.000171
1.6e-05 0.000172
1.6e-05 0.000175
1.5e-05 0.000176
1.5e-05 0.000178
1.4e-05 0.000179
1.4e-05 0.000182
1.3e-05 0.000183
1.3e-05 0.000186
1.2e-05 0.000187
1.2e-05 0.00019
1.1e-05 0.000191
1.1e-05 0.000195
1e-05 0.000196
1e-05 0.000201
9e-06 0.000202
9e-06 0.000207
8e-06 0.000208
8e-06 0.000215
7e-06 0.000216
7e-06 0.000228
6e-06 0.000229
6e-06 0.00024
7e-06 0.000241
0.000108 0.000241
0.000109 0.000242
0.000113 0.000242
0.000114 0.000243
0.000116 0.000243
0.000117 0.000244
0.000119 0.000244
0.00012 0.000245
0.000121 0.000245
0.000122 0.000246
0.000123 0.000246
0.000124 0.000247
0.000125 0.000247
0.000126 0.000248
0.000127 0.000248
0.00013 0.000251
0.000131 0.000251
0.000139 0.000259
0.000139 0.00026
0.000142 0.000263
0.000142 0.000264
0.000143 0.000265
0.000143 0.000266
0.000145 0.000268
0.000145 0.000269
0.000146 0.00027
0.000146 0.000272
0.000147 0.000273
0.000147 0.000275
0.000148 0.000276
0.000148 0.000279
0.000149 0.00028
0.000149 0.000297
0.000148 0.000298
0.000148 0.000301
0.000147 0.000302
0.000147 0.000304
0.000146 0.000305
0.000146 0.000306
0.000145 0.000307
0.000145 0.000308
0.000144 0.000309
0.000144 0.00031
0.000143 0.000311
0.000143 0.000312
0.000141 0.000314
0.000141 0.000315
0.000139 0.000317
0.000139 0.000318
0.000132 0.000325
0.000131 0.000325
0.000128 0.000328
0.000127 0.000328
0.000126 0.000329
0.000125 0.000329
0.000123 0.000331
0.000122 0.000331
0.000121 0.000332
0.00012 0.000332
0.000119 0.000333
0.000117 0.000333
0.000116 0.000334
0.000114 0.000334
0.000113 0.000335
0.000108 0.000335
0.000107 0.000336
9.8e-05 0.000336
9.7e-05 0.000335
9.2e-05 0.000335
9.1e-05 0.000334
8.8e-05 0.000334
8.7e-05 0.000333
8.5e-05 0.000333
8.3e-05 0.000331
8.2e-05 0.000331
8.1e-05 0.00033
8e-05 0.00033
7.9e-05 0.000329
7.8e-05 0.000329
7.7e-05 0.000328
7.6e-05 0.000328
7.2e-05 0.000324
7.1e-05 0.000324
6.7e-05 0.00032
6.7e-05 0.000319
6.3e-05 0.000315
6.3e-05 0.000314
6.1e-05 0.000312
6.1e-05 0.000311
6e-05 0.00031
6e-05 0.000309
5.9e-05 0.000308
5.9e-05 0.000307
5.8e-05 0.000306
5.8e-05 0.000305
5.7e-05 0.000304
5.7e-05 0.000301
5.6e-05 0.0003
5.6e-05 0.000297
5.5e-05 0.000296
5.5e-05 0.00029
5.7e-05 0.000288
6.7e-05 0.000288
6.9e-05 0.00029
6.9e-05 0.000296
7e-05 0.000297
7e-05 0.000299
7.1e-05 0.0003
7.1e-05 0.000301
7.2e-05 0.000302
7.2e-05 0.000304
7.3e-05 0.000305
7.3e-05 0.000306
7.5e-05 0.000308
7.5e-05 0.000309
8.2e-05 0.000316
8.3e-05 0.000316
8.5e-05 0.000318
8.6e-05 0.000318
8.7e-05 0.000319
8.9e-05 0.000319
9e-05 0.00032
9.2e-05 0.00032
9.3e-05 0.000321
9.7e-05 0.000321
9.8e-05 0.000322
0.000106 0.000322
0.000107 0.000321
0.000111 0.000321
0.000112 0.00032
0.000115 0.00032
0.000117 0.000318
0.000119 0.000318
0.000121 0.000316
0.000122 0.000316
0.000129 0.000309
0.000129 0.000308
0.000131 0.000306
0.000131 0.000305
0.000132 0.000304
0.000132 0.000303
0.000133 0.000302
0.000133 0.0003
0.000134 0.000299
0.000134 0.000297
0.000135 0.000296
0.000135 0.00029
0.000136 0.000289
0.000136 0.000288
0.000135 0.000287
0.000135 0.000281
0.000134 0.00028
0.000134 0.000277
0.000133 0.000276
0.000133 0.000274
0.000132 0.000273
0.000132 0.000272
0.00013 0.00027
0.00013 0.000269
0.000121 0.00026
0.00012 0.00026
0.000119 0.000259
0.000118 0.000259
0.000117 0.000258
0.000115 0.000258
0.000114 0.000257
0.000113 0.000257
0.000112 0.000256
0.000109 0.000256
0.000108 0.000255
7e-06 0.000255
7e-06 0.000267
8e-06 0.000268
8e-06 0.000274
9e-06 0.000275
9e-06 0.000281
1e-05 0.000282
1e-05 0.000286
1.1e-05 0.000287
1.1e-05 0.000291
1.2e-05 0.000292
1.2e-05 0.000296
1.3e-05 0.000297
1.3e-05 0.0003
1.4e-05 0.000301
1.4e-05 0.000304
1.5e-05 0.000305
1.5e-05 0.000307
1.6e-05 0.000308
1.6e-05 0.000311
1.7e-05 0.000312
1.7e-05 0.000314
1.8e-05 0.000315
1.8e-05 0.000317
1.9e-05 0.000318
1.9e-05 0.00032
2e-05 0.000321
2e-05 0.000322
2.1e-05 0.000323
2.1e-05 0.000325
2.2e-05 0.000326
2.2e-05 0.000328
2.3e-05 0.000329
2.3e-05 0.00033
2.4e-05 0.000331
2.4e-05 0.000333
2.5e-05 0.000334
2.5e-05 0.000336
2.6e-05 0.000337
2.6e-05 0.000338
2.7e-05 0.000339
2.7e-05 0.00034
2.8e-05 0.000341
2.8e-05 0.000342
2.9e-05 0.000343
2.9e-05 0.000344
3e-05 0.000345
3e-05 0.000347
3.2e-05 0.000349
3.2e-05 0.00035
3.3e-05 0.000351
3.3e-05 0.000352
3.4e-05 0.000353
3.4e-05 0.000354
3.5e-05 0.000355
3.5e-05 0.000356
3.6e-05 0.000357
3.6e-05 0.000358
3.7e-05 0.000359
3.7e-05 0.00036
3.8e-05 0.000361
3.8e-05 0.000362
4e-05 0.000364
4e-05 0.000365
4.1e-05 0.000366
4.1e-05 0.000367
4.3e-05 0.000369
4.3e-05 0.00037
4.5e-05 0.000372
4.5e-05 0.000373
4.7e-05 0.000375
4.7e-05 0.000376
4.9e-05 0.000378
4.9e-05 0.000379
5.2e-05 0.000382
5.2e-05 0.000383
5.4e-05 0.000385
5.4e-05 0.000386
5.8e-05 0.00039
5.8e-05 0.000391
6.3e-05 0.000396
6.3e-05 0.000397
7.2e-05 0.000406
7.2e-05 0.000407
7.4e-05 0.000409
7.6e-05 0.000409
7.7e-05 0.000408
7.7e-05 0.000407
7.8e-05 0.000406
7.8e-05 0.000405
8e-05 0.000403
8e-05 0.000402
8.2e-05 0.0004
8.2e-05 0.000399
8.7e-05 0.000394
8.7e-05 0.000393
9.1e-05 0.000389
9.2e-05 0.000389
9.6e-05 0.000385
9.7e-05 0.000385
0.0001 0.000382
0.000101 0.000382
0.000102 0.000381
0.000103 0.000381
0.000105 0.000379
0.000107 0.000379
0.000108 0.000378
0.00011 0.000378
0.000111 0.000377
0.000113 0.000377
0.000114 0.000376
0.000118 0.000376
0.000119 0.000375
0.000138 0.000375
0.000139 0.000374
0.000141 0.000374
0.000142 0.000373
0.000144 0.000373
0.000145 0.000372
0.000146 0.000372
0.000147 0.000371
0.000148 0.000371
0.000149 0.00037
0.00015 0.00037
0.000152 0.000368
0.000153 0.000368
0.000155 0.000366
0.000156 0.000366
0.000159 0.000363
0.00016 0.000363
0.000166 0.000357
0.000167 0.000357
0.000173 0.000363
0.000173 0.000364
0.000175 0.000366
0.000175 0.000367
0.000171 0.000371
0.00017 0.000371
0.000166 0.000375
0.000165 0.000375
0.000162 0.000378
0.000161 0.000378
0.000159 0.00038
0.000158 0.00038
0.000156 0.000382
0.000155 0.000382
0.000154 0.000383
0.000153 0.000383
0.000151 0.000385
0.000149 0.000385
0.000148 0.000386
0.000147 0.000386
0.000146 0.000387
0.000144 0.000387
0.000143 0.000388
0.000137 0.000388
0.000136 0.000389
0.000119 0.000389
0.000118 0.00039
0.000115 0.00039
0.000114 0.000391
0.000113 0.000391
0.000112 0.000392
0.00011 0.000392
0.000109 0.000393
0.000108 0.000393
0.000107 0.000394
0.000106 0.000394
0.000104 0.000396
0.000103 0.000396
9.4e-05 0.000405
9.4e-05 0.000406
9.1e-05 0.000409
9.1e-05 0.00041
9e-05 0.000411
9e-05 0.000412
8.9e-05 0.000413
8.9e-05 0.000414
8.7e-05 0.000416
8.7e-05 0.000418
8.6e-05 0.000419
8.6e-05 0.00042
8.9e-05 0.000423
9e-05 0.000423
9.5e-05 0.000428
9.6e-05 0.000428
9.9e-05 0.000431
0.0001 0.000431
0.000103 0.000434
0.000104 0.000434
0.000106 0.000436
0.000107 0.000436
0.00011 0.000439
0.000111 0.000439
0.000113 0.000441
0.000114 0.000441
0.000116 0.000443
0.000117 0.000443
0.000118 0.000444
0.000119 0.000444
0.000121 0.000446
0.000122 0.000446
0.000123 0.000447
0.000124 0.000447
0.000126 0.000449
0.000127 0.000449
0.000128 0.00045
0.000129 0.00045
0.00013 0.000451
0.000131 0.000451
0.000133 0.000453
0.000135 0.000453
0.000135 0.000452
0.000136 0.000451
0.000136 0.00045
0.000137 0.000449
0.000137 0.000448
0.000138 0.000447
0.000138 0.000446
0.000139 0.000445
0.000139 0.000444
0.00014 0.000443
0.00014 0.000442
0.000141 0.000441
0.000141 0.00044
0.000143 0.000438
0.000143 0.000437
0.000145 0.000435
0.000145 0.000434
0.000149 0.00043
0.000149 0.000429
0.000155 0.000423
0.000156 0.000423
0.000159 0.00042
0.00016 0.00042
0.000162 0.000418
0.000163 0.000418
0.000164 0.000417
0.000165 0.000417
0.000166 0.000416
0.000167 0.000416
0.000168 0.000415
0.000169 0.000415
0.00017 0.000414
0.000173 0.000414
0.000174 0.000413
0.000181 0.000413
0.000182 0.000414
0.000182 0.000425
0.00018 0.000427
0.000175 0.000427
0.000174 0.000428
0.000173 0.000428
0.000172 0.000429
0.00017 0.000429
0.000169 0.00043
0.000168 0.00043
0.000166 0.000432
0.000165 0.000432
0.000157 0.00044
0.000157 0.000441
0.000155 0.000443
0.000155 0.000444
0.000153 0.000446
0.000153 0.000447
0.000152 0.000448
0.000152 0.000449
0.000151 0.00045
0.000151 0.000451
0.00015 0.000452
0.00015 0.000453
0.000149 0.000454
0.000149 0.000455
0.000148 0.000456
0.000148 0.00046
0.000149 0.00046
0.00015 0.000461
0.000152 0.000461
0.000153 0.000462
0.000155 0.000462
0.000156 0.000463
0.000157 0.000463
0.000158 0.000464
0.000159 0.000464
0.00016 0.000465
0.000162 0.000465
0.000163 0.000466
0.000166 0.000466
0.000167 0.000467
0.000168 0.000467
0.000169 0.000468
0.000171 0.000468
0.000172 0.000469
0.000174 0.000469
0.000175 0.00047
0.000178 0.00047
0.000179 0.000471
0.000182 0.000471
0.000183 0.000472
0.000186 0.000472
0.000187 0.000473
0.00019 0.000473
0.000191 0.000474
0.000194 0.000474
0.000195 0.000475
0.000201 0.000475
0.000202 0.000474
0.000204 0.000474
0.00021 0.000468
0.00021 0.000467
0.000211 0.000466
0.000211 0.000465
0.000212 0.000464
0.000212 0.000463
0.000213 0.000462
0.000213 0.00046
0.000214 0.000459
0.000214 0.000457
0.000215 0.000456
0.000215 0.000453
0.000216 0.000452
0.000216 0.000449
0.000217 0.000448
0.000217 0.000444
0.000218 0.000443
0.000218 0.000436
0.000219 0.000435
0.000219 0.000419
0.00022 0.000418
0.00022 0.000414
0.000221 0.000413
0.000221 0.000411
0.000222 0.00041
0.000222 0.000409
0.000224 0.000407
0.000224 0.000406
0.000228 0.000402
0.000229 0.000402
0.000231 0.0004
0.000232 0.0004
0.000233 0.000399
0.000235 0.000399
0.000236 0.000398
0.000246 0.000398
0.000247 0.000399
0.000249 0.000399
0.00025 0.0004
0.000251 0.0004
0.000252 0.000401
0.000253 0.000401
0.000258 0.000406
0.000258 0.000407
0.00026 0.000409
0.00026 0.00041
0.000261 0.000411
0.000261 0.000412
0.000262 0.000413
0.000262 0.000417
0.000263 0.000418
0.000263 0.000433
0.000264 0.000434
0.000264 0.000441
0.000265 0.000442
0.000265 0.000447
0.000266 0.000448
0.000266 0.000451
0.000267 0.000452
0.000267 0.000455
0.000268 0.000456
0.000268 0.000459
0.000269 0.00046
0.000269 0.000461
0.00027 0.000462
0.00027 0.000464
0.000271 0.000465
0.000271 0.000466
0.000272 0.000467
0.000272 0.000468
0.000278 0.000474
0.00028 0.000474
0.000281 0.000475
0.000288 0.000475
0.000289 0.000474
0.000293 0.000474
0.000294 0.000473
0.000297 0.000473
0.000298 0.000472
0.000301 0.000472
0.000302 0.000471
0.000304 0.000471
0.000305 0.00047
0.000308 0.00047
0.000309 0.000469
0.000311 0.000469
0.000312 0.000468
0.000314 0.000468
0.000315 0.000467
0.000317 0.000467
0.000318 0.000466
0.00032 0.000466
0.000321 0.000465
0.000322 0.000465
0.000323 0.000464
0.000325 0.000464
0.000326 0.000463
0.000328 0.000463
0.000329 0.000462
0.00033 0.000462
0.000331 0.000461
0.000332 0.000461
0.000333 0.00046
0.000335 0.00046
0.000336 0.000459
0.000336 0.000458
0.000335 0.000457
0.000335 0.000455
0.000334 0.000454
0.000334 0.000453
0.000333 0.000452
0.000333 0.000451
0.000332 0.00045
0.000332 0.000449
0.000331 0.000448
0.000331 0.000447
0.000329 0.000445
0.000329 0.000444
0.000327 0.000442
0.000327 0.000441
0.000323 0.000437
0.000323 0.000436
0.000321 0.000434
0.00032 0.000434
0.000317 0.000431
0.000316 0.000431
0.000315 0.00043
0.000314 0.00043
0.000313 0.000429
0.000312 0.000429
0.000311 0.000428
0.000309 0.000428
0.000308 0.000427
0.000304 0.000427
0.000303 0.000426
0.000302 0.000426
0.000301 0.000425
0.000301 0.000414
0.000302 0.000413
0.000309 0.000413
0.00031 0.000414
0.000313 0.000414
0.000314 0.000415
0.000315 0.000415
0.000316 0.000416
0.000318 0.000416
0.00032 0.000418
0.000321 0.000418
0.000322 0.000419
0.000323 0.000419
0.000325 0.000421
0.000326 0.000421
0.000336 0.000431
0.000336 0.000432
0.000339 0.000435
0.000339 0.000436
0.000341 0.000438
0.000341 0.000439
0.000343 0.000441
0.000343 0.000442
0.000344 0.000443
0.000344 0.000444
0.000345 0.000445
0.000345 0.000446
0.000347 0.000448
0.000347 0.00045
0.000348 0.000451
0.000348 0.000452
0.000352 0.000452
0.000354 0.00045
0.000355 0.00045
0.000356 0.000449
0.000357 0.000449
0.000358 0.000448
0.000359 0.000448
0.000361 0.000446
0.000362 0.000446
0.000363 0.000445
0.000364 0.000445
0.000365 0.000444
0.000366 0.000444
0.000369 0.000441
0.00037 0.000441
0.000371 0.00044
0.000372 0.00044
0.000375 0.000437
0.000376 0.000437
0.000378 0.000435
0.000379 0.000435
0.000382 0.000432
0.000383 0.000432
0.000386 0.000429
0.000387 0.000429
0.000392 0.000424
0.000393 0.000424
0.000397 0.00042
0.000397 0.000418
0.000396 0.000417
0.000396 0.000416
0.000395 0.000415
0.000395 0.000414
0.000394 0.000413
0.000394 0.000412
0.000392 0.00041
0.000392 0.000409
0.00039 0.000407
0.00039 0.000406
0.000379 0.000395
0.000378 0.000395
0.000377 0.000394
0.000376 0.000394
0.000375 0.000393
0.000374 0.000393
0.000373 0.000392
0.000372 0.000392
0.000371 0.000391
0.000369 0.000391
0.000368 0.00039
0.000365 0.00039
0.000364 0.000389
0.000348 0.000389
0.000347 0.000388
0.000341 0.000388
0.00034 0.000387
0.000337 0.000387
0.000336 0.000386
0.000335 0.000386
0.000334 0.000385
0.000333 0.000385
0.000332 0.000384
0.000331 0.000384
0.00033 0.000383
0.000329 0.000383
0.000327 0.000381
0.000326 0.000381
0.000325 0.00038
0.000324 0.00038
0.000321 0.000377
0.00032 0.000377
0.000318 0.000375
0.000317 0.000375
0.00031 0.000368
0.000309 0.000368
0.000308 0.000367
0.000308 0.000366
0.000314 0.00036
0.000314 0.000359
0.000316 0.000357
0.000317 0.000357
0.000321 0.000361
0.000322 0.000361
0.000326 0.000365
0.000327 0.000365
0.000329 0.000367
0.00033 0.000367
0.000333 0.00037
0.000334 0.00037
0.000335 0.000371
0.000336 0.000371
0.000337 0.000372
0.000339 0.000372
0.00034 0.000373
0.000341 0.000373
0.000342 0.000374
0.000345 0.000374
0.000346 0.000375
0.000364 0.000375
0.000365 0.000376
0.000369 0.000376
0.00037 0.000377
0.000373 0.000377
0.000374 0.000378
0.000375 0.000378
0.000376 0.000379
0.000377 0.000379
0.000378 0.00038
0.000379 0.00038
0.00038 0.000381
0.000381 0.000381
0.000382 0.000382
0.000383 0.000382
0.000384 0.000383
0.000385 0.000383
0.000389 0.000387
0.00039 0.000387
0.000399 0.000396
0.000399 0.000397
0.000402 0.0004
0.000402 0.000401
0.000404 0.000403
0.000404 0.000404
0.000406 0.000406
0.000406 0.000407
0.000407 0.000408
0.000407 0.000409
0.000409 0.000409
0.000416 0.000402
0.000416 0.000401
0.000422 0.000395
0.000422 0.000394
0.000426 0.00039
0.000426 0.000389
0.000429 0.000386
0.000429 0.000385
0.000432 0.000382
0.000432 0.000381
0.000435 0.000378
0.000435 0.000377
0.000437 0.000375
0.000437 0.000374
0.000439 0.000372
0.000439 0.000371
0.000441 0.000369
0.000441 0.000368
0.000442 0.000367
0.000442 0.000366
0.000444 0.000364
0.000444 0.000363
0.000445 0.000362
0.000445 0.000361
0.000447 0.000359
0.000447 0.000358
0.000448 0.000357
0.000448 0.000356
0.000449 0.000355
0.000449 0.000354
0.00045 0.000353
0.00045 0.000352
0.000451 0.000351
0.000451 0.00035
0.000452 0.000349
0.000452 0.000348
0.000453 0.000347
0.000453 0.000346
0.000454 0.000345
0.000454 0.000343
0.000455 0.000342
0.000455 0.000341
0.000456 0.00034
0.000456 0.000339
0.000457 0.000338
0.000457 0.000337
0.000458 0.000336
0.000458 0.000334
0.000459 0.000333
0.000459 0.000332
0.00046 0.000331
0.00046 0.00033
0.000461 0.000329
0.000461 0.000327
0.000462 0.000326
0.000462 0.000324
0.000463 0.000323
0.000463 0.000322
0.000464 0.000321
0.000464 0.000319
0.000465 0.000318
0.000465 0.000316
0.000466 0.000315
0.000466 0.000313
0.000467 0.000312
0.000467 0.000309
0.000468 0.000308
0.000468 0.000306
0.000469 0.000305
0.000469 0.000302
0.00047 0.000301
0.00047 0.000298
0.000471 0.000297
0.000471 0.000294
0.000472 0.000293
0.000472 0.000289
0.000473 0.000288
0.000473 0.000283
0.000474 0.000282
0.000474 0.000278
0.000475 0.000277
0.000475 0.00027
0.000476 0.000269
0.000476 0.000255
0.000376 0.000255
0.000375 0.000256
0.000372 0.000256
0.000371 0.000257
0.000369 0.000257
0.000368 0.000258
0.000366 0.000258
0.000364 0.00026
0.000363 0.00026
0.000361 0.000262
0.00036 0.000262
0.000354 0.000268
0.000354 0.000269
0.000352 0.000271
0.000352 0.000272
0.000351 0.000273
0.000351 0.000275
0.00035 0.000276
0.00035 0.000278
0.000349 0.000279
0.000349 0.000281
0.000348 0.000282
0.000348 0.000295
0.000349 0.000296
0.000349 0.000298
0.00035 0.000299
0.00035 0.000301
0.000351 0.000302
0.000351 0.000304
0.000352 0.000305
0.000352 0.000306
0.000355 0.000309
0.000355 0.00031
0.00036 0.000315
0.000361 0.000315
0.000363 0.000317
0.000364 0.000317
0.000365 0.000318
0.000366 0.000318
0.000367 0.000319
0.000369 0.000319
0.00037 0.00032
0.000371 0.00032
0.000372 0.000321
0.000375 0.000321
0.000376 0.000322
0.000385 0.000322
0.000386 0.000321
0.00039 0.000321
0.000391 0.00032
0.000394 0.00032
0.000396 0.000318
0.000398 0.000318
0.0004 0.000316
0.000401 0.000316
0.000409 0.000308
0.000409 0.000307
0.000411 0.000305
0.000411 0.000303
0.000412 0.000302
0.000412 0.000301
0.000413 0.0003
0.000413 0.000298
0.000414 0.000297
0.000414 0.000293
0.000415 0.000292
0.000415 0.00029
0.000417 0.000288
0.000427 0.000288
0.000429 0.00029
0.000428 0.000291
0.000428 0.000298
0.000427 0.000299
0.000427 0.000302
0.000426 0.000303
0.000426 0.000304
0.000425 0.000305
0.000425 0.000307
0.000423 0.000309
0.000423 0.00031
0.000422 0.000311
0.000422 0.000312
0.000421 0.000313
0.000421 0.000314
0.000418 0.000317
0.000418 0.000318
0.00041 0.000326
0.000409 0.000326
0.000407 0.000328
0.000406 0.000328
0.000404 0.00033
0.000403 0.00033
0.000402 0.000331
0.000401 0.000331
0.0004 0.000332
0.000399 0.000332
0.000398 0.000333
0.000396 0.000333
0.000395 0.000334
0.000393 0.000334
0.000392 0.000335
0.000386 0.000335
0.000385 0.000336
0.000377 0.000336
0.000376 0.000335
0.000371 0.000335
0.00037 0.000334
0.000367 0.000334
0.000366 0.000333
0.000365 0.000333
0.000364 0.000332
0.000362 0.000332
0.00036 0.00033
0.000359 0.00033
0.000358 0.000329
0.000357 0.000329
0.000355 0.000327
0.000354 0.000327
0.000343 0.000316
0.000343 0.000315
0.000341 0.000313
0.000341 0.000312
0.000339 0.00031
0.000339 0.000309
0.000338 0.000308
0.000338 0.000307
0.000337 0.000306
0.000337 0.000304
0.000336 0.000303
0.000336 0.000301
0.000335 0.0003
0.000335 0.000296
0.000334 0.000295
0.000334 0.000282
0.000335 0.000281
0.000335 0.000277
0.000336 0.000276
0.000336 0.000274
0.000337 0.000273
0.000337 0.000271
0.000338 0.00027
0.000338 0.000269
0.000339 0.000268
0.000339 0.000267
0.00034 0.000266
0.00034 0.000265
0.000342 0.000263
0.000342 0.000262
0.000345 0.000259
0.000345 0.000258
0.00035 0.000253
0.000351 0.000253
0.000355 0.000249
0.000356 0.000249
0.000358 0.000247
0.000359 0.000247
0.00036 0.000246
0.000361 0.000246
0.000362 0.000245
0.000364 0.000245
0.000365 0.000244
0.000366 0.000244
0.000367 0.000243
0.000369 0.000243
0.00037 0.000242
0.000374 0.000242
0.000375 0.000241
0.000476 0.000241
0.000375 0.000241
0.000374 0.000242
0.00037 0.000242
0.000369 0.000243
0.000367 0.000243
0.000366 0.000244
0.000364 0.000244
0.000363 0.000245
0.000362 0.000245
0.000361 0.000246
0.000359 0.000246
0.000358 0.000247
0.000357 0.000247
0.000355 0.000249
0.000354 0.000249
0.00035 0.000253
0.000349 0.000253
0.000345 0.000257
0.000345 0.000258
0.000342 0.000261
0.000342 0.000262
0.00034 0.000264
0.00034 0.000265
0.000339 0.000266
0.000339 0.000267
0.000338 0.000268
0.000338 0.000269
0.000337 0.00027
0.000337 0.000273
0.000336 0.000274
0.000336 0.000276
0.000335 0.000277
0.000335 0.000281
0.000334 0.000282
0.000334 0.000295
0.000335 0.000296
0.000335 0.0003
0.000336 0.000301
0.000336 0.000303
0.000337 0.000304
0.000337 0.000306
0.000338 0.000307
0.000338 0.000309
0.00034 0.000311
0.00034 0.000312
0.000341 0.000313
0.000341 0.000314
0.000343 0.000316
0.000343 0.000317
0.000353 0.000327
0.000354 0.000327
0.000356 0.000329
0.000357 0.000329
0.000358 0.00033
0.000359 0.00033
0.00036 0.000331
0.000361 0.000331
0.000362 0.000332
0.000363 0.000332
0.000364 0.000333
0.000366 0.000333
0.000367 0.000334
0.00037 0.000334
0.000371 0.000335
0.000376 0.000335
0.000377 0.000336
0.000385 0.000336
0.000386 0.000335
0.000392 0.000335
0.000393 0.000334
0.000395 0.000334
0.000396 0.000333
0.000398 0.000333
0.000399 0.000332
0.0004 0.000332
0.000401 0.000331
0.000403 0.000331
0.000404 0.00033
0.000405 0.00033
0.000407 0.000328
0.000408 0.000328
0.00041 0.000326
0.000411 0.000326
0.000418 0.000319
0.000418 0.000318
0.000421 0.000315
0.000421 0.000314
0.000422 0.000313
0.000422 0.000312
0.000423 0.000311
0.000423 0.00031
0.000424 0.000309
0.000424 0.000308
0.000425 0.000307
0.000425 0.000305
0.000426 0.000304
0.000426 0.000303
0.000427 0.000302
0.000427 0.000299
0.000428 0.000298
0.000428 0.000291
0.000429 0.00029
0.000428 0.000289
0.000428 0.000288
0.000417 0.000288
0.000416 0.000289
0.000415 0.000289
0.000415 0.000292
0.000414 0.000293
0.000414 0.000297
0.000413 0.000298
0.000413 0.0003
0.000412 0.000301
0.000412 0.000302
0.000411 0.000303
0.000411 0.000304
0.000409 0.000306
0.000409 0.000307
0.000404 0.000312
0.000403 0.000311
0.000404 0.000312
0.0004 0.000316
0.000399 0.000316
0.000397 0.000318
0.000396 0.000318
0.000395 0.000319
0.000394 0.000319
0.000393 0.00032
0.000391 0.00032
0.00039 0.000321
0.000386 0.000321
0.000385 0.000322
0.000376 0.000322
0.000375 0.000321
0.000372 0.000321
0.000371 0.00032
0.00037 0.00032
0.000369 0.000319
0.000368 0.000319
0.000367 0.000318
0.000366 0.000318
0.000365 0.000317
0.000364 0.000317
0.000362 0.000315
0.000361 0.000315
0.000354 0.000308
0.000354 0.000307
0.000352 0.000305
0.000352 0.000304
0.000351 0.000303
0.000351 0.000301
0.00035 0.0003
0.00035 0.000299
0.000349 0.000298
0.000349 0.000296
0.000348 0.000295
0.000348 0.000282
0.000349 0.000281
0.000349 0.000279
0.00035 0.000278
0.00035 0.000276
0.000351 0.000275
0.000351 0.000274
0.000352 0.000273
0.000352 0.000272
0.000353 0.000271
0.000353 0.00027
0.000361 0.000262
0.000362 0.000262
0.000364 0.00026
0.000365 0.00026
0.000367 0.000258
0.000368 0.000258
0.000369 0.000257
0.000371 0.000257
0.000372 0.000256
0.000375 0.000256
0.000376 0.000255
0.000475 0.000255
0.000476 0.000256
0.000476 0.000269
0.000475 0.00027
0.000475 0.000277
0.000474 0.000278
0.000474 0.000282
0.000473 0.000283
0.000473 0.000288
0.000472 0.000289
0.000472 0.000293
0.000471 0.000294
0.000471 0.000297
0.00047 0.000298
0.00047 0.000301
0.000469 0.000302
0.000469 0.000305
0.000468 0.000306
0.000468 0.000308
0.000467 0.000309
0.000467 0.000312
0.000466 0.000313
0.000466 0.000315
0.000465 0.000316
0.000465 0.000318
0.000464 0.000319
0.000464 0.000321
0.000463 0.000322
0.000463 0.000323
0.000462 0.000324
0.000462 0.000326
0.000461 0.000327
0.000461 0.000329
0.00046 0.00033
0.00046 0.000331
0.000459 0.000332
0.000459 0.000333
0.000458 0.000334
0.000458 0.000335
0.000457 0.000336
0.000457 0.000338
0.000456 0.000339
0.000456 0.00034
0.000455 0.000341
0.000455 0.000342
0.000454 0.000343
0.000454 0.000344
0.000453 0.000345
0.000453 0.000346
0.000452 0.000347
0.000452 0.000348
0.000451 0.000349
0.000451 0.00035
0.00045 0.000351
0.00045 0.000352
0.000449 0.000353
0.000449 0.000354
0.000448 0.000355
0.000448 0.000356
0.000447 0.000357
0.000447 0.000358
0.000445 0.00036
0.000445 0.000361
0.000444 0.000362
0.000444 0.000363
0.000442 0.000365
0.000442 0.000366
0.000441 0.000367
0.000441 0.000368
0.000439 0.00037
0.000439 0.000371
0.000437 0.000373
0.000437 0.000374
0.000435 0.000376
0.000435 0.000377
0.000432 0.00038
0.000432 0.000381
0.000429 0.000384
0.000429 0.000385
0.000426 0.000388
0.000426 0.000389
0.000422 0.000393
0.000422 0.000394
0.000416 0.0004
0.000416 0.000401
0.00041 0.000407
0.000408 0.000405
0.00041 0.000407
0.000408 0.000409
0.000407 0.000408
0.000407 0.000407
0.000406 0.000406
0.000406 0.000405
0.000404 0.000403
0.000404 0.000402
0.000402 0.0004
0.000402 0.000399
0.000399 0.000396
0.000399 0.000395
0.000391 0.000387
0.00039 0.000387
0.000386 0.000383
0.000385 0.000383
0.000384 0.000382
0.000383 0.000382
0.000382 0.000381
0.000381 0.000381
0.00038 0.00038
0.000379 0.00038
0.000378 0.000379
0.000376 0.000379
0.000375 0.000378
0.000374 0.000378
0.000373 0.000377
0.00037 0.000377
0.000369 0.000376
0.000365 0.000376
0.000364 0.000375
0.000346 0.000375
0.000345 0.000374
0.000342 0.000374
0.000341 0.000373
0.00034 0.000373
0.000339 0.000372
0.000338 0.000372
0.000337 0.000371
0.000336 0.000371
0.000335 0.00037
0.000334 0.00037
0.000332 0.000368
0.000333 0.000367
0.000332 0.000368
0.000331 0.000367
0.00033 0.000367
0.000328 0.000365
0.000327 0.000365
0.000323 0.000361
0.000322 0.000361
0.000318 0.000357
0.000315 0.000357
0.000314 0.000358
0.000314 0.000359
0.000308 0.000365
0.000308 0.000368
0.000309 0.000368
0.000316 0.000375
0.000317 0.000375
0.000319 0.000377
0.00032 0.000377
0.000323 0.00038
0.000324 0.00038
0.000325 0.000381
0.000326 0.000381
0.000328 0.000383
0.000329 0.000383
0.00033 0.000384
0.000331 0.000384
0.000332 0.000385
0.000334 0.000385
0.000335 0.000386
0.000336 0.000386
0.000337 0.000387
0.00034 0.000387
0.000341 0.000388
0.000347 0.000388
0.000348 0.000389
0.000364 0.000389
0.000365 0.00039
0.000368 0.00039
0.000369 0.000391
0.000371 0.000391
0.000373 0.000393
0.000374 0.000393
0.000375 0.000394
0.000376 0.000394
0.000377 0.000395
0.000378 0.000395
0.00039 0.000407
0.00039 0.000408
0.000392 0.00041
0.000392 0.000411
0.000394 0.000413
0.000394 0.000414
0.000395 0.000415
0.000395 0.000416
0.000396 0.000417
0.000396 0.000418
0.000397 0.000419
0.000392 0.000424
0.000391 0.000424
0.000386 0.000429
0.000385 0.000429
0.000382 0.000432
0.000381 0.000432
0.000378 0.000435
0.000377 0.000435
0.000375 0.000437
0.000374 0.000437
0.000371 0.00044
0.00037 0.00044
0.000369 0.000441
0.000368 0.000441
0.000365 0.000444
0.000364 0.000444
0.000363 0.000445
0.000362 0.000445
0.000361 0.000446
0.00036 0.000446
0.000358 0.000448
0.000357 0.000448
0.000356 0.000449
0.000355 0.000449
0.000354 0.00045
0.000353 0.00045
0.000351 0.000452
0.000349 0.000452
0.000348 0.000451
0.000348 0.00045
0.000347 0.000449
0.000347 0.000448
0.000346 0.000447
0.000346 0.000446
0.000345 0.000445
0.000345 0.000444
0.000344 0.000443
0.000344 0.000442
0.000343 0.000441
0.000343 0.00044
0.000341 0.000438
0.000341 0.000437
0.000339 0.000435
0.000339 0.000434
0.000336 0.000431
0.000336 0.00043
0.000327 0.000421
0.000326 0.000421
0.000324 0.000419
0.000323 0.000419
0.000322 0.000418
0.000321 0.000418
0.00032 0.000417
0.000319 0.000417
0.000318 0.000416
0.000317 0.000416
0.000316 0.000415
0.000314 0.000415
0.000313 0.000414
0.00031 0.000414
0.000309 0.000413
0.000301 0.000413
0.000301 0.000426
0.000303 0.000426
0.000304 0.000427
0.000308 0.000427
0.000309 0.000428
0.000311 0.000428
0.000313 0.00043
0.000314 0.00043
0.000315 0.000431
0.000316 0.000431
0.000319 0.000434
0.00032 0.000434
0.000323 0.000437
0.000323 0.000438
0.000322 0.000439
0.000323 0.000438
0.000327 0.000442
0.000327 0.000443
0.000329 0.000445
0.000329 0.000446
0.000331 0.000448
0.000331 0.000449
0.000332 0.00045
0.000332 0.000451
0.000334 0.000453
0.000334 0.000455
0.000335 0.000456
0.000335 0.000457
0.000336 0.000458
0.000334 0.00046
0.000333 0.00046
0.000332 0.000461
0.000331 0.000461
0.00033 0.000462
0.000328 0.000462
0.000327 0.000463
0.000326 0.000463
0.000325 0.000464
0.000323 0.000464
0.000322 0.000465
0.000321 0.000465
0.00032 0.000466
0.000317 0.000466
0.000316 0.000467
0.000315 0.000467
0.000314 0.000468
0.000312 0.000468
0.000311 0.000469
0.000309 0.000469
0.000308 0.00047
0.000305 0.00047
0.000304 0.000471
0.000302 0.000471
0.000301 0.000472
0.000298 0.000472
0.000297 0.000473
0.000294 0.000473
0.000293 0.000474
0.000289 0.000474
0.000288 0.000475
0.000281 0.000475
0.00028 0.000474
0.000279 0.000474
0.000272 0.000467
0.000272 0.000466
0.000271 0.000465
0.000271 0.000464
0.00027 0.000463
0.00027 0.000462
0.000269 0.000461
0.000269 0.00046
0.000268 0.000459
0.000268 0.000456
0.000267 0.000455
0.000267 0.000452
0.000266 0.000451
0.000266 0.000448
0.000265 0.000447
0.000265 0.000442
0.000264 0.000441
0.000264 0.000434
0.000263 0.000433
0.000263 0.000418
0.000262 0.000417
0.000262 0.000413
0.000261 0.000412
0.000261 0.00041
0.00026 0.000409
0.00026 0.000408
0.000258 0.000406
0.000258 0.000405
0.000254 0.000401
0.000253 0.000401
0.000252 0.0004
0.00025 0.0004
0.000249 0.000399
0.000247 0.000399
0.000246 0.000398
0.000236 0.000398
0.000235 0.000399
0.000233 0.000399
0.000232 0.0004
0.00023 0.0004
0.000228 0.000402
0.000227 0.000402
0.000224 0.000405
0.000224 0.000406
0.000222 0.000408
0.000222 0.00041
0.000221 0.000411
0.000221 0.000413
0.00022 0.000414
0.00022 0.000418
0.000219 0.000419
0.000219 0.000435
0.000218 0.000436
0.000218 0.000443
0.000217 0.000444
0.000217 0.000448
0.000216 0.000449
0.000216 0.000452
0.000215 0.000453
0.000215 0.000456
0.000214 0.000457
0.000214 0.000459
0.000213 0.00046
0.000213 0.000462
0.000211 0.000464
0.000211 0.000465
0.00021 0.000466
0.00021 0.000467
0.000203 0.000474
0.000202 0.000474
0.000201 0.000475
0.000195 0.000475
0.000194 0.000474
0.000191 0.000474
0.00019 0.000473
0.000187 0.000473
0.000186 0.000472
0.000183 0.000472
0.000182 0.000471
0.000179 0.000471
0.000178 0.00047
0.000175 0.00047
0.000174 0.000469
0.000172 0.000469
0.000171 0.000468
0.000169 0.000468
0.000168 0.000467
0.000167 0.000467
0.000166 0.000466
0.000163 0.000466
0.000162 0.000465
0.000161 0.000465
0.00016 0.000464
0.000158 0.000464
0.000157 0.000463
0.000156 0.000463
0.000155 0.000462
0.000153 0.000462
0.000152 0.000461
0.000151 0.000461
0.00015 0.00046
0.000149 0.00046
0.000148 0.000459
0.000148 0.000457
0.000149 0.000456
0.000149 0.000455
0.00015 0.000454
0.00015 0.000453
0.000151 0.000452
0.000151 0.000451
0.000152 0.00045
0.000152 0.000449
0.000153 0.000448
0.000153 0.000447
0.000155 0.000445
0.000155 0.000444
0.000157 0.000442
0.000157 0.000441
0.000166 0.000432
0.000167 0.000432
0.000169 0.00043
0.00017 0.00043
0.000171 0.000429
0.000172 0.000429
0.000173 0.000428
0.000174 0.000428
0.000175 0.000427
0.00018 0.000427
0.000181 0.000426
0.000182 0.000426
0.000182 0.000413
0.000174 0.000413
0.000173 0.000414
0.00017 0.000414
0.000169 0.000415
0.000168 0.000415
0.000167 0.000416
0.000165 0.000416
0.000164 0.000417
0.000163 0.000417
0.000162 0.000418
0.000161 0.000418
0.000159 0.00042
0.000158 0.00042
0.000155 0.000423
0.000154 0.000423
0.000149 0.000428
0.000149 0.000429
0.000145 0.000433
0.000145 0.000434
0.000143 0.000436
0.000143 0.000437
0.000141 0.000439
0.000141 0.00044
0.00014 0.000441
0.00014 0.000442
0.000139 0.000443
0.000139 0.000444
0.000138 0.000445
0.000138 0.000446
0.000137 0.000447
0.000137 0.000448
0.000136 0.000449
0.000136 0.00045
0.000135 0.000451
0.000135 0.000452
0.000134 0.000453
0.000132 0.000451
0.000131 0.000451
0.00013 0.00045
0.000129 0.00045
0.000128 0.000449
0.000127 0.000449
0.000125 0.000447
0.000124 0.000447
0.000123 0.000446
0.000122 0.000446
0.00012 0.000444
0.000119 0.000444
0.000118 0.000443
0.000117 0.000443
0.000115 0.000441
0.000114 0.000441
0.000112 0.000439
0.000111 0.000439
0.000108 0.000436
0.000107 0.000436
0.000105 0.000434
0.000104 0.000434
0.000101 0.000431
0.0001 0.000431
9.7e-05 0.000428
9.6e-05 0.000428
9.1e-05 0.000423
9e-05 0.000423
8.6e-05 0.000419
8.7e-05 0.000418
8.7e-05 0.000417
8.9e-05 0.000415
8.9e-05 0.000414
9e-05 0.000413
9e-05 0.000412
9.1e-05 0.000411
9.1e-05 0.00041
9.4e-05 0.000407
9.4e-05 0.000406
0.000104 0.000396
0.000105 0.000396
0.000107 0.000394
0.000108 0.000394
0.000109 0.000393
0.00011 0.000393
0.000111 0.000392
0.000112 0.000392
0.000113 0.000391
0.000114 0.000391
0.000115 0.00039
0.000118 0.00039
0.000119 0.000389
0.000136 0.000389
0.000137 0.000388
0.000143 0.000388
0.000144 0.000387
0.000146 0.000387
0.000147 0.000386
0.000149 0.000386
0.00015 0.000385
0.000151 0.000385
0.000152 0.000384
0.000153 0.000384
0.000154 0.000383
0.000155 0.000383
0.000156 0.000382
0.000157 0.000382
0.000159 0.00038
0.00016 0.00038
0.000161 0.000379
0.000162 0.00038
0.000161 0.000379
0.000162 0.000378
0.000163 0.000378
0.000166 0.000375
0.000167 0.000375
0.000171 0.000371
0.000172 0.000371
0.000175 0.000368
0.000175 0.000365
0.000173 0.000363
0.000173 0.000362
0.000168 0.000357
0.000165 0.000357
0.000159 0.000363
0.000158 0.000363
0.000155 0.000366
0.000154 0.000366
0.000152 0.000368
0.000151 0.000368
0.000149 0.00037
0.000148 0.00037
0.000146 0.000372
0.000145 0.000372
0.000144 0.000373
0.000142 0.000373
0.000141 0.000374
0.000139 0.000374
0.000138 0.000375
0.000119 0.000375
0.000118 0.000376
0.000114 0.000376
0.000113 0.000377
0.000111 0.000377
0.00011 0.000378
0.000108 0.000378
0.000107 0.000379
0.000105 0.000379
0.000104 0.00038
0.000103 0.00038
0.000102 0.000381
0.000101 0.000381
0.0001 0.000382
9.9e-05 0.000382
9.6e-05 0.000385
9.5e-05 0.000385
9.1e-05 0.000389
9e-05 0.000389
8.7e-05 0.000392
8.7e-05 0.000393
8.4e-05 0.000396
8.3e-05 0.000395
8.4e-05 0.000396
8.2e-05 0.000398
8.2e-05 0.000399
8e-05 0.000401
8e-05 0.000402
7.8e-05 0.000404
7.8e-05 0.000405
7.7e-05 0.000406
7.7e-05 0.000407
7.5e-05 0.000409
7.2e-05 0.000406
7.2e-05 0.000405
6.3e-05 0.000396
6.3e-05 0.000395
5.8e-05 0.00039
5.8e-05 0.000389
5.4e-05 0.000385
5.4e-05 0.000384
5.2e-05 0.000382
5.2e-05 0.000381
4.9e-05 0.000378
4.9e-05 0.000377
4.7e-05 0.000375
4.7e-05 0.000374
4.5e-05 0.000372
4.5e-05 0.000371
4.3e-05 0.000369
4.3e-05 0.000368
4.1e-05 0.000366
4.1e-05 0.000365
4e-05 0.000364
4e-05 0.000363
3.8e-05 0.000361
3.8e-05 0.00036
3.7e-05 0.000359
3.7e-05 0.000358
3.6e-05 0.000357
3.6e-05 0.000356
3.5e-05 0.000355
3.5e-05 0.000354
3.4e-05 0.000353
3.4e-05 0.000352
3.3e-05 0.000351
3.3e-05 0.00035
3.2e-05 0.000349
3.2e-05 0.000348
3e-05 0.000346
3e-05 0.000344
2.9e-05 0.000343
2.9e-05 0.000342
2.7e-05 0.00034
2.7e-05 0.000338
2.6e-05 0.000337
2.6e-05 0.000336
2.5e-05 0.000335
2.5e-05 0.000334
2.4e-05 0.000333
2.4e-05 0.000331
2.3e-05 0.00033
2.3e-05 0.000329
2.2e-05 0.000328
2.2e-05 0.000326
2.1e-05 0.000325
2.1e-05 0.000323
2e-05 0.000322
2e-05 0.000321
1.9e-05 0.00032
1.9e-05 0.000318
1.8e-05 0.000317
1.8e-05 0.000315
1.7e-05 0.000314
1.7e-05 0.000312
1.6e-05 0.000311
1.6e-05 0.000308
1.5e-05 0.000307
1.5e-05 0.000305
1.4e-05 0.000304
1.4e-05 0.000301
1.3e-05 0.0003
1.3e-05 0.000297
1.2e-05 0.000296
1.2e-05 0.000292
1.1e-05 0.000291
1.1e-05 0.000287
1e-05 0.000286
1e-05 0.000282
9e-06 0.000281
9e-06 0.000275
8e-06 0.000274
8e-06 0.000268
7e-06 0.000267
7e-06 0.000256
8e-06 0.000255
0.000108 0.000255
0.000109 0.000256
0.000112 0.000256
0.000113 0.000257
0.000114 0.000257
0.000115 0.000258
0.000116 0.000258
0.000117 0.000259
0.000118 0.000259
0.000119 0.00026
0.00012 0.00026
0.000126 0.000266
0.000125 0.000267
0.000126 0.000266
0.00013 0.00027
0.00013 0.000271
0.000132 0.000273
0.000132 0.000274
0.000133 0.000275
0.000133 0.000276
0.000134 0.000277
0.000134 0.00028
0.000135 0.000281
0.000135 0.000287
0.000136 0.000288
0.000136 0.000289
0.000135 0.00029
0.000135 0.000296
0.000134 0.000297
0.000134 0.000299
0.000133 0.0003
0.000133 0.000301
0.000132 0.000302
0.000132 0.000304
0.000129 0.000307
0.000129 0.000308
0.000121 0.000316
0.00012 0.000316
0.000118 0.000318
0.000116 0.000318
0.000114 0.00032
0.000112 0.00032
0.000111 0.000321
0.000107 0.000321
0.000106 0.000322
9.8e-05 0.000322
9.7e-05 0.000321
9.3e-05 0.000321
9.2e-05 0.00032
9e-05 0.00032
8.9e-05 0.000319
8.8e-05 0.000319
8.7e-05 0.000318
8.6e-05 0.000318
8.4e-05 0.000316
8.3e-05 0.000316
7.5e-05 0.000308
7.5e-05 0.000307
7.3e-05 0.000305
7.3e-05 0.000304
7.2e-05 0.000303
7.2e-05 0.000302
7.1e-05 0.000301
7.1e-05 0.0003
7e-05 0.000299
7e-05 0.000297
6.9e-05 0.000296
6.9e-05 0.000289
6.8e-05 0.000289
6.7e-05 0.000288
5.7e-05 0.000288
5.6e-05 0.000289
5.5e-05 0.000289
5.5e-05 0.000296
5.6e-05 0.000297
5.6e-05 0.0003
5.7e-05 0.000301
5.7e-05 0.000304
5.8e-05 0.000305
5.8e-05 0.000306
5.9e-05 0.000307
5.9e-05 0.000309
6e-05 0.00031
6e-05 0.000311
6.1e-05 0.000312
6.1e-05 0.000313
6.3e-05 0.000315
6.3e-05 0.000316
6.7e-05 0.00032
6.7e-05 0.000321
7e-05 0.000324
7.1e-05 0.000324
7.5e-05 0.000328
7.6e-05 0.000328
7.7e-05 0.000329
7.8e-05 0.000329
7.9e-05 0.00033
8e-05 0.00033
8.1e-05 0.000331
8.2e-05 0.000331
8.3e-05 0.000332
8.4e-05 0.000332
8.5e-05 0.000333
8.7e-05 0.000333
8.8e-05 0.000334
9.1e-05 0.000334
9.2e-05 0.000335
9.7e-05 0.000335
9.8e-05 0.000336
0.000107 0.000336
0.000108 0.000335
0.000113 0.000335
0.000114 0.000334
0.000116 0.000334
0.000117 0.000333
0.000119 0.000333
0.00012 0.000332
0.000122 0.000332
0.000123 0.000331
0.000124 0.000331
0.000126 0.000329
0.000127 0.000329
0.000128 0.000328
0.000129 0.000328
0.000133 0.000324
0.000134 0.000324
0.000139 0.000319
0.000139 0.000318
0.000141 0.000316
0.000141 0.000315
0.000143 0.000313
0.000143 0.000312
0.000144 0.000311
0.000144 0.00031
0.000145 0.000309
0.000145 0.000308
0.000146 0.000307
0.000146 0.000305
0.000147 0.000304
0.000147 0.000302
0.000148 0.000301
0.000148 0.000298
0.000149 0.000297
0.000149 0.00028
0.000148 0.000279
0.000148 0.000276
0.000147 0.000275
0.000147 0.000273
0.000146 0.000272
0.000146 0.000269
0.000145 0.000268
0.000145 0.000267
0.000143 0.000265
0.000143 0.000264
0.000142 0.000263
0.000142 0.000262
0.000139 0.000259
0.000139 0.000258
0.000132 0.000251
0.000131 0.000251
0.000128 0.000248
0.000127 0.000248
0.000126 0.000247
0.000125 0.000247
0.000124 0.000246
0.000123 0.000246
0.000122 0.000245
0.00012 0.000245
0.000119 0.000244
0.000117 0.000244
0.000116 0.000243
0.000114 0.000243
0.000113 0.000242
0.000109 0.000242
0.000108 0.000241
8e-06 0.000241
6e-06 0.000239
6e-06 0.000229
7e-06 0.000228
7e-06 0.000216
8e-06 0.000215
8e-06 0.000208
9e-06 0.000207
9e-06 0.000202
1e-05 0.000201
1e-05 0.000196
1.1e-05 0.000195
1.1e-05 0.000191
1.2e-05 0.00019
1.2e-05 0.000187
1.3e-05 0.000186
1.3e-05 0.000183
1.4e-05 0.000182
1.4e-05 0.000179
1.5e-05 0.000178
1.5e-05 0.000176
1.6e-05 0.000175
1.6e-05 0.000172
1.7e-05 0.000171
1.7e-05 0.000169
1.8e-05 0.000168
1.8e-05 0.000166
1.9e-05 0.000165
1.9e-05 0.000163
2e-05 0.000162
2e-05 0.00016
2.1e-05 0.000159
2.1e-05 0.000157
2.2e-05 0.000156
2.2e-05 0.000155
2.3e-05 0.000154
2.3e-05 0.000152
2.4e-05 0.000151
2.4e-05 0.00015
2.5e-05 0.000149
2.5e-05 0.000148
2.6e-05 0.000147
2.6e-05 0.000146
2.7e-05 0.000145
2.7e-05 0.000144
2.8e-05 0.000143
2.8e-05 0.000141
2.9e-05 0.00014
2.9e-05 0.000139
3e-05 0.000138
3e-05 0.000137
3.1e-05 0.000136
3.1e-05 0.000135
3.2e-05 0.000134
3.2e-05 0.000133
3.4e-05 0.000131
3.4e-05 0.000129
3.6e-05 0.000127
3.6e-05 0.000126
3.7e-05 0.000125
3.7e-05 0.000124
3.9e-05 0.000122
3.9e-05 0.000121
4e-05 0.00012
4e-05 0.000119
4.1e-05 0.000118
4.1e-05 0.000117
4.3e-05 0.000115
4.3e-05 0.000114
4.5e-05 0.000112
4.5e-05 0.000111
4.7e-05 0.000109
4.7e-05 0.000108
4.8e-05 0.000107
4.9e-05 0.000107
5e-05 0.000108
5e-05 0.00011
5.1e-05 0.000111
5.1e-05 0.000113
5.2e-05 0.000114
5.2e-05 0.000115
5.3e-05 0.000116
5.3e-05 0.000117
5.4e-05 0.000118
5.4e-05 0.000119
5.5e-05 0.00012
5.5e-05 0.000121
5.6e-05 0.000122
5.6e-05 0.000123
5.9e-05 0.000126
5.9e-05 0.000127
6.3e-05 0.000131
6.3e-05 0.000132
6.5e-05 0.000134
6.6e-05 0.000134
7.1e-05 0.000139
7.2e-05 0.000139
7.5e-05 0.000142
7.6e-05 0.000142
7.7e-05 0.000143
7.8e-05 0.000143
7.9e-05 0.000144
8e-05 0.000144
8.1e-05 0.000145
8.2e-05 0.000145
8.3e-05 0.000146
8.4e-05 0.000146
8.5e-05 0.000147
8.7e-05 0.000147
8.8e-05 0.000148
9.1e-05 0.000148
9.2e-05 0.000149
9.4e-05 0.000149
9.5e-05 0.00015
0.0001 0.00015
0.000101 0.000151
0.000102 0.00015
0.000103 0.00015
0.000103 0.000142
0.000104 0.000141
0.000104 0.000139
0.000103 0.000138
0.000104 0.000137
0.000101 0.000137
0.0001 0.000136
9.6e-05 0.000136
9.5e-05 0.000135
9.3e-05 0.000135
9.2e-05 0.000134
9.1e-05 0.000134
9e-05 0.000133
8.9e-05 0.000133
8.8e-05 0.000132
8.7e-05 0.000132
8.6e-05 0.000131
8.5e-05 0.000131
8.3e-05 0.000129
8.2e-05 0.000129
8e-05 0.000127
7.9e-05 0.000127
7e-05 0.000118
7e-05 0.000117
6.8e-05 0.000115
6.8e-05 0.000114
6.7e-05 0.000113
6.7e-05 0.000112
6.5e-05 0.00011
6.5e-05 0.000108
6.4e-05 0.000107
6.4e-05 0.000106
6.3e-05 0.000105
6.3e-05 0.000103
6.2e-05 0.000102
6.2e-05 9.9e-05
6.1e-05 9.8e-05
6.1e-05 9.4e-05
6e-05 9.3e-05
6.1e-05 9.2e-05
6.1e-05 9e-05
6.3e-05 8.8e-05
6.3e-05 8.7e-05
6.9e-05 8.1e-05
6.9e-05 8e-05
8.3e-05 6.6e-05
8.4e-05 6.6e-05
9e-05 6e-05
9.1e-05 6e-05
9.6e-05 5.5e-05
9.7e-05 5.5e-05
0.000101 5.1e-05
0.000102 5.1e-05
0.000104 4.9e-05
0.000105 4.9e-05
0.000108 4.6e-05
0.000109 4.6e-05
0.000111 4.4e-05
0.000112 4.4e-05
0.000115 4.1e-05
0.000116 4.1e-05
0.000117 4e-05
0.000118 4e-05
0.000119 3.9e-05
0.00012 3.9e-05
0.000122 3.7e-05
0.000123 3.7e-05
0.000125 3.5e-05
0.000126 3.5e-05
0.000127 3.4e-05
0.000128 3.4e-05
0.000129 3.3e-05
0.00013 3.3e-05
0.000131 3.2e-05
0.000132 3.2e-05
0.000134 3e-05
0.000135 3e-05
0.000136 2.9e-05
0.000138 2.9e-05
0.00014 2.7e-05
0.000141 2.7e-05
0.000142 2.6e-05
0.000143 2.6e-05
0.000144 2.5e-05
0.000146 2.5e-05
0.000147 2.4e-05
0.000148 2.4e-05
0.000149 2.3e-05
0.00015 2.3e-05
0.000151 2.2e-05
0.000152 2.2e-05
0.000153 2.1e-05
0.000155 2.1e-05
0.000156 2e-05
0.000157 2e-05
0.000158 1.9e-05
0.00016 1.9e-05
0.000161 1.8e-05
0.000162 1.8e-05
0.000163 1.7e-05
0.000165 1.7e-05
0.000166 1.6e-05
0.000168 1.6e-05
0.000169 1.5e-05
0.000171 1.5e-05
0.000172 1.4e-05
0.000174 1.4e-05
0.000175 1.3e-05
0.000178 1.3e-05
0.000179 1.2e-05
0.000181 1.2e-05
0.000182 1.1e-05
0.000185 1.1e-05
0.000186 1e-05
0.000189 1e-05
0.00019 9e-06
0.000193 9e-06
0.000194 8e-06
0.000201 8e-06
0.000202 9e-06
0.000203 9e-06
0.000205 1.1e-05
0.000203 1.3e-05
0.000205 1.1e-05
0.00021 1.6e-05
0.00021 1.7e-05
0.000211 1.8e-05
0.000211 1.9e-05
0.000212 2e-05
0.000212 2.1e-05
0.000213 2.2e-05
0.000213 2.3e-05
0.000214 2.4e-05
0.000214 2.6e-05
0.000215 2.7e-05
0.000215 3e-05
0.000216 3.1e-05
0.000216 3.4e-05
0.000217 3.5e-05
0.000217 4e-05
0.000218 4.1e-05
0.000218 4.7e-05
0.000219 4.8e-05
0.000219 6.4e-05
0.00022 6.5e-05
0.00022 6.9e-05
0.000221 7e-05
0.000221 7.2e-05
0.000222 7.3e-05
0.000222 7.5e-05
0.000224 7.7e-05
0.000224 7.8e-05
0.000227 8.1e-05
0.000228 8.1e-05
0.00023 8.3e-05
0.000231 8.3e-05
0.000232 8.4e-05
0.000234 8.4e-05
0.000235 8.5e-05
0.000247 8.5e-05
0.000248 8.4e-05
0.00025 8.4e-05
0.000251 8.3e-05
0.000252 8.3e-05
0.000253 8.2e-05
0.000254 8.2e-05
0.000259 7.7e-05
0.000259 7.6e-05
0.00026 7.5e-05
0.00026 7.4e-05
0.000261 7.3e-05
0.000261 7.1e-05
0.000262 7e-05
0.000262 6.7e-05
0.000263 6.6e-05
0.000263 4.9e-05
0.000264 4.8e-05
0.000264 4.2e-05
0.000265 4.1e-05
0.000265 3.6e-05
0.000266 3.5e-05
0.000266 3.1e-05
0.000267 3e-05
0.000267 2.8e-05
0.000268 2.7e-05
0.000268 2.5e-05
0.000269 2.4e-05
0.000269 2.2e-05
0.00027 2.1e-05
0.00027 2e-05
0.000271 1.9e-05
0.000271 1.8e-05
0.000273 1.6e-05
0.000273 1.5e-05
0.000279 9e-06
0.00028 9e-06
0.000281 8e-06
0.000289 8e-06
0.00029 9e-06
0.000293 9e-06
0.000294 1e-05
0.000297 1e-05
0.000298 1.1e-05
0.000301 1.1e-05
0.000302 1.2e-05
0.000305 1.2e-05
0.000306 1.3e-05
0.000308 1.3e-05
0.000309 1.4e-05
0.000311 1.4e-05
0.000312 1.5e-05
0.000314 1.5e-05
0.000315 1.6e-05
0.000317 1.6e-05
0.000318 1.7e-05
0.00032 1.7e-05
0.000321 1.8e-05
0.000323 1.8e-05
0.000324 1.9e-05
0.000325 1.9e-05
0.000326 2e-05
0.000327 2e-05
0.000328 2.1e-05
0.00033 2.1e-05
0.000331 2.2e-05
0.000332 2.2e-05
0.000333 2.3e-05
0.000335 2.3e-05
0.000336 2.4e-05
0.000337 2.4e-05
0.000338 2.5e-05
0.000339 2.5e-05
0.00034 2.6e-05
0.000341 2.6e-05
0.000342 2.7e-05
0.000343 2.7e-05
0.000344 2.8e-05
0.000346 2.8e-05
0.000348 3e-05
0.000349 3e-05
0.00035 3.1e-05
0.000351 3.1e-05
0.000352 3.2e-05
0.000353 3.2e-05
0.000355 3.4e-05
0.000356 3.4e-05
0.000357 3.5e-05
0.000358 3.5e-05
0.000359 3.6e-05
0.00036 3.6e-05
0.000362 3.8e-05
0.000363 3.8e-05
0.000365 4e-05
0.000366 4e-05
0.000367 4.1e-05
0.000368 4.1e-05
0.00037 4.3e-05
0.000371 4.3e-05
0.000373 4.5e-05
0.000374 4.5e-05
0.000376 4.7e-05
0.000377 4.7e-05
0.00038 5e-05
0.000381 5e-05
0.000384 5.3e-05
0.000385 5.3e-05
0.00039 5.8e-05
0.000391 5.8e-05
0.000395 6.2e-05
0.000394 6.3e-05
0.000395 6.2e-05
0.000397 6.4e-05
0.000398 6.4e-05
0.000416 8.2e-05
0.000416 8.3e-05
0.000422 8.9e-05
0.000422 9e-05
0.000423 9.1e-05
0.000423 9.5e-05
0.000422 9.6e-05
0.000422 0.0001
0.000421 0.000101
0.000421 0.000104
0.00042 0.000105
0.00042 0.000106
0.000419 0.000107
0.000419 0.000108
0.000418 0.000109
0.000418 0.00011
0.000417 0.000111
0.000417 0.000112
0.000416 0.000113
0.000416 0.000114
0.000414 0.000116
0.000414 0.000117
0.000403 0.000128
0.000402 0.000128
0.0004 0.00013
0.000399 0.00013
0.000397 0.000132
0.000396 0.000132
0.000395 0.000133
0.000393 0.000133
0.000392 0.000134
0.000391 0.000134
0.00039 0.000135
0.000388 0.000135
0.000387 0.000136
0.000384 0.000136
0.000383 0.000137
0.00038 0.000137
0.00038 0.000147
0.000381 0.000148
0.000381 0.00015
0.000382 0.00015
0.000383 0.000151
0.000384 0.00015
0.000388 0.00015
0.000389 0.000149
0.000392 0.000149
0.000393 0.000148
0.000395 0.000148
0.000396 0.000147
0.000398 0.000147
0.000399 0.000146
0.0004 0.000146
0.000401 0.000145
0.000402 0.000145
0.000403 0.000144
0.000404 0.000144
0.000405 0.000143
0.000406 0.000143
0.000407 0.000142
0.000408 0.000142
0.00041 0.00014
0.000411 0.00014
0.000414 0.000137
0.000415 0.000137
0.000423 0.000129
0.000423 0.000128
0.000426 0.000125
0.000426 0.000124
0.000428 0.000122
0.000428 0.000121
0.000429 0.00012
0.000429 0.000119
0.00043 0.000118
0.00043 0.000117
0.000431 0.000116
0.000431 0.000114
0.000432 0.000113
0.000432 0.000112
0.000433 0.000111
0.000433 0.000109
0.000434 0.000108
0.000434 0.000107
0.000435 0.000106
0.000436 0.000107
0.000436 0.000108
0.000437 0.000109
0.000437 0.00011
0.000439 0.000112
0.000439 0.000113
0.000441 0.000115
0.000441 0.000116
0.000443 0.000118
0.000443 0.000119
0.000444 0.00012
0.000444 0.000121
0.000445 0.000122
0.000445 0.000123
0.000447 0.000125
0.000447 0.000126
0.000448 0.000127
0.000448 0.000128
0.000449 0.000129
0.000449 0.00013
0.00045 0.000131
0.00045 0.000132
0.000451 0.000133
0.000451 0.000134
0.000453 0.000136
0.000453 0.000138
0.000454 0.000139
0.000454 0.00014
0.000455 0.000141
0.000455 0.000142
0.000456 0.000143
0.000456 0.000144
0.000457 0.000145
0.000457 0.000146
0.000458 0.000147
0.000458 0.000148
0.000459 0.000149
0.000459 0.000151
0.00046 0.000152
0.00046 0.000153
0.000461 0.000154
0.000461 0.000156
0.000462 0.000157
0.000462 0.000158
0.000463 0.000159
0.000463 0.000161
0.000464 0.000162
0.000464 0.000164
0.000465 0.000165
0.000465 0.000167
0.000466 0.000168
0.000466 0.00017
0.000467 0.000171
0.000467 0.000173
0.000468 0.000174
0.000468 0.000177
0.000469 0.000178
0.000469 0.000181
0.00047 0.000182
0.00047 0.000185
0.000471 0.000186
0.000471 0.000189
0.000472 0.00019
0.000472 0.000194
0.000473 0.000195
0.000473 0.000199
0.000474 0.0002
0.000474 0.000205
0.000475 0.000206
0.000475 0.000212
0.000476 0.000213
0.000476 0.000222
0.000476 0.000213
0.000475 0.000212
0.000475 0.000206
0.000474 0.000205
0.000474 0.0002
0.000473 0.000199
0.000473 0.000195
0.000472 0.000194
0.000472 0.00019
0.000471 0.000189
0.000471 0.000186
0.00047 0.000185
0.00047 0.000182
0.000469 0.000181
0.000469 0.000178
0.000468 0.000177
0.000468 0.000174
0.000467 0.000173
0.000467 0.000171
0.000466 0.00017
0.000466 0.000168
0.000465 0.000167
0.000465 0.000165
0.000464 0.000164
0.000464 0.000162
0.000463 0.000161
0.000463 0.000159
0.000462 0.000158
0.000462 0.000157
0.000461 0.000156
0.000461 0.000154
0.00046 0.000153
0.00046 0.000151
0.000459 0.00015
0.000459 0.000149
0.000458 0.000148
0.000458 0.000146
0.000456 0.000144
0.000456 0.000142
0.000455 0.000141
0.000455 0.00014
0.000454 0.000139
0.000454 0.000138
0.000453 0.000137
0.000453 0.000136
0.000452 0.000135
0.000452 0.000134
0.000451 0.000133
0.000451 0.000132
0.00045 0.000131
0.00045 0.00013
0.000449 0.000129
0.000449 0.000128
0.000448 0.000127
0.000448 0.000126
0.000447 0.000125
0.000447 0.000124
0.000445 0.000122
0.000445 0.000121
0.000444 0.00012
0.000444 0.000119
0.000443 0.000118
0.000443 0.000117
0.000441 0.000115
0.000441 0.000114
0.000439 0.000112
0.000439 0.000111
0.000437 0.000109
0.000437 0.000108
0.000435 0.000106
0.000434 0.000106
0.000434 0.000108
0.000433 0.000109
0.000433 0.000111
0.000432 0.000112
0.000432 0.000113
0.000431 0.000114
0.000431 0.000115
0.00043 0.000116
0.00043 0.000117
0.000429 0.000118
0.000429 0.000119
0.000428 0.00012
0.000428 0.000121
0.000426 0.000123
0.000426 0.000124
0.000423 0.000127
0.000423 0.000128
0.000414 0.000137
0.000413 0.000137
0.00041 0.00014
0.000409 0.00014
0.000407 0.000142
0.000406 0.000142
0.000405 0.000143
0.000404 0.000143
0.000402 0.000145
0.000401 0.000145
0.0004 0.000146
0.000399 0.000146
0.000398 0.000147
0.000396 0.000147
0.000395 0.000148
0.000393 0.000148
0.000392 0.000149
0.000389 0.000149
0.000388 0.00015
0.000384 0.00015
0.000383 0.000151
0.000381 0.000149
0.000381 0.000148
0.00038 0.000147
0.00038 0.000138
0.000381 0.000137
0.000383 0.000137
0.000384 0.000136
0.000387 0.000136
0.000388 0.000135
0.00039 0.000135
0.000391 0.000134
0.000393 0.000134
0.000394 0.000133
0.000396 0.000133
0.000397 0.000132
0.000398 0.000132
0.0004 0.00013
0.000401 0.00013
0.000403 0.000128
0.000404 0.000128
0.000414 0.000118
0.000414 0.000117
0.000416 0.000115
0.000416 0.000114
0.000417 0.000113
0.000417 0.000112
0.000418 0.000111
0.000418 0.000109
0.000419 0.000108
0.000419 0.000107
0.00042 0.000106
0.00042 0.000105
0.000421 0.000104
0.000421 0.000101
0.000422 0.0001
0.000422 9.6e-05
0.000423 9.5e-05
0.000423 9.1e-05
0.000422 9e-05
0.000422 8.8e-05
0.000416 8.2e-05
0.000416 8.1e-05
0.000399 6.4e-05
0.000398 6.4e-05
0.000392 5.8e-05
0.000391 5.8e-05
0.000386 5.3e-05
0.000385 5.3e-05
0.000382 5e-05
0.000381 5e-05
0.000378 4.7e-05
0.000377 4.7e-05
0.000375 4.5e-05
0.000374 4.5e-05
0.000372 4.3e-05
0.000371 4.3e-05
0.000369 4.1e-05
0.000368 4.1e-05
0.000367 4e-05
0.000366 4e-05
0.000364 3.8e-05
0.000363 3.8e-05
0.000361 3.6e-05
0.00036 3.6e-05
0.000359 3.5e-05
0.000358 3.5e-05
0.000357 3.4e-05
0.000356 3.4e-05
0.000354 3.2e-05
0.000353 3.2e-05
0.000352 3.1e-05
0.000351 3.1e-05
0.00035 3e-05
0.000349 3e-05
0.000348 2.9e-05
0.000347 2.9e-05
0.000346 2.8e-05
0.000345 2.8e-05
0.000344 2.7e-05
0.000343 2.7e-05
0.000342 2.6e-05
0.00034 2.6e-05
0.000338 2.4e-05
0.000336 2.4e-05
0.000335 2.3e-05
0.000334 2.3e-05
0.000333 2.2e-05
0.000331 2.2e-05
0.00033 2.1e-05
0.000329 2.1e-05
0.000328 2e-05
0.000326 2e-05
0.000325 1.9e-05
0.000324 1.9e-05
0.000323 1.8e-05
0.000321 1.8e-05
0.00032 1.7e-05
0.000318 1.7e-05
0.000317 1.6e-05
0.000315 1.6e-05
0.000314 1.5e-05
0.000312 1.5e-05
0.000311 1.4e-05
0.000309 1.4e-05
0.000308 1.3e-05
0.000306 1.3e-05
0.000305 1.2e-05
0.000302 1.2e-05
0.000301 1.1e-05
0.000298 1.1e-05
0.000297 1e-05
0.000294 1e-05
0.000293 9e-06
0.00029 9e-06
0.000289 8e-06
0.000281 8e-06
0.00028 9e-06
0.000278 9e-06
0.000273 1.4e-05
0.000273 1.5e-05
0.000271 1.7e-05
0.000271 1.8e-05
0.00027 1.9e-05
0.00027 2.1e-05
0.000269 2.2e-05
0.000269 2.4e-05
0.000268 2.5e-05
0.000268 2.7e-05
0.000267 2.8e-05
0.000267 3e-05
0.000266 3.1e-05
0.000266 3.5e-05
0.000265 3.6e-05
0.000265 4.1e-05
0.000264 4.2e-05
0.000264 4.8e-05
0.000263 4.9e-05
0.000263 6.6e-05
0.000262 6.7e-05
0.000262 7e-05
0.000261 7.1e-05
0.000261 7.2e-05
0.00026 7.3e-05
0.00026 7.4e-05
0.000259 7.5e-05
0.000259 7.6e-05
0.000253 8.2e-05
0.000252 8.2e-05
0.00025 8.4e-05
0.000248 8.4e-05
0.000247 8.5e-05
0.000235 8.5e-05
0.000234 8.4e-05
0.000232 8.4e-05
0.000229 8.1e-05
0.000228 8.1e-05
0.000224 7.7e-05
0.000224 7.6e-05
0.000222 7.4e-05
0.000222 7.3e-05
0.000221 7.2e-05
0.000221 7e-05
0.00022 6.9e-05
0.00022 6.5e-05
0.000219 6.4e-05
0.000219 4.8e-05
0.000218 4.7e-05
0.000218 4.1e-05
0.000217 4e-05
0.000217 3.5e-05
0.000216 3.4e-05
0.000216 3.1e-05
0.000215 3e-05
0.000215 2.7e-05
0.000214 2.6e-05
0.000214 2.4e-05
0.000213 2.3e-05
0.000213 2.2e-05
0.000212 2.1e-05
0.000212 1.9e-05
0.000211 1.8e-05
0.000211 1.7e-05
0.00021 1.6e-05
0.00021 1.5e-05
0.000204 9e-06
0.000202 9e-06
0.000201 8e-06
